0.000000 2.000000 2.000000 0
0.000000 5.000000 5.000000 0
0.000000 5.000000 5.000000 0
0.000000 3.000000 3.000000 0
-0.314159 3.000000 3.000000 0
-0.471239 3.000000 3.000000 0
0.314159 3.000000 3.000000 0
0.471239 3.000000 3.000000 0
0.471239 3.000000 3.000000 0
0.314159 3.000000 3.000000 0
-0.314159 3.000000 3.000000 0
-0.471239 3.000000 3.000000 0
-0.471239 3.000000 3.000000 0
-0.471239 3.000000 3.000000 0
-0.471239 3.000000 3.000000 0
-0.471239 3.000000 3.000000 0
-0.471239 3.000000 3.000000 0
-0.314159 3.000000 3.000000 0
-0.157080 3.000000 3.000000 2
-0.157080 3.000000 3.000000 1
0.000000 3.000000 3.000000 0
0.000000 3.000000 3.000000 2
0.000000 3.000000 3.000000 1
0.000000 -9.000000 15.000000 0
0.000000 -9.000000 15.000000 2
0.000000 3.000000 3.000000 1
0.000000 3.000000 3.000000 0
0.000000 3.000000 3.000000 2
0.000000 3.000000 3.000000 1
0.000000 -9.000000 15.000000 0
0.000000 -9.000000 15.000000 0
-0.157080 -9.000000 15.000000 0
-0.314159 -8.000000 14.000000 0
-0.157079 -7.000000 13.000000 0
-0.314159 -7.000000 13.000000 0
-0.157080 -7.000000 13.000000 0
0.000000 -9.000000 11.000000 0
0.000000 -9.000000 11.000000 0
0.000000 5.000000 5.000000 0
-0.471239 5.000000 5.000000 2
-0.157079 5.000000 5.000000 1
-0.471239 5.000000 5.000000 0
0.000000 3.000000 3.000000 0
0.314159 3.000000 3.000000 0
0.314159 3.000000 3.000000 0
0.314159 3.000000 3.000000 0
0.000000 3.000000 3.000000 0
-1.570796 21.000000 8.000000 0
1.099557 28.000000 8.000000 0
0.000000 7.000000 2.000000 0
0.000000 3.000000 3.000000 0
-0.314159 3.000000 3.000000 0
-0.471239 3.000000 3.000000 0
-0.157080 3.000000 3.000000 0
-0.471239 3.000000 13.000000 0
-0.942478 13.000000 13.000000 0
0.628319 2.000000 20.000000 0
0.000000 5.000000 5.000000 0
0.000000 3.000000 3.000000 2
0.000000 0.000000 1.000000 0
0.000000 2.000000 2.000000 0
0.000000 2.000000 2.000000 0
0.000000 4.000000 4.000000 0
0.000000 4.000000 4.000000 2
0.000000 4.000000 4.000000 1
0.000000 16.000000 -8.000000 0
0.000000 16.000000 -8.000000 2
0.000000 4.000000 4.000000 1
0.000000 4.000000 4.000000 0
0.000000 4.000000 4.000000 2
0.000000 -8.000000 16.000000 1
0.000000 -8.000000 16.000000 0
0.000000 -8.000000 16.000000 2
0.000000 4.000000 4.000000 1
0.000000 4.000000 4.000000 0
-0.157080 4.000000 4.000000 0
-0.314159 4.000000 4.000000 0
-0.471239 4.000000 4.000000 0
-0.471239 4.000000 4.000000 0
-0.471239 4.000000 4.000000 0
-0.471239 4.000000 4.000000 0
-0.314159 4.000000 4.000000 0
-0.157080 4.000000 4.000000 0
-0.157080 4.000000 4.000000 0
0.000000 4.000000 4.000000 2
0.000000 1.000000 1.000000 0
0.000000 5.000000 5.000000 0
-0.157080 2.000000 2.000000 0
0.000000 5.000000 5.000000 0
-0.157080 2.000000 2.000000 0
0.000000 5.000000 5.000000 0
0.000000 2.000000 2.000000 0
0.000000 5.000000 5.000000 0
0.000000 2.000000 2.000000 0
0.157080 4.000000 4.000000 0
0.157080 2.000000 2.000000 0
0.000000 4.000000 4.000000 0
0.000000 2.000000 2.000000 0
0.000000 2.000000 2.000000 0
0.000000 2.000000 2.000000 0
0.314159 3.000000 3.000000 0
0.471239 4.000000 4.000000 0
0.314159 4.000000 4.000000 0
0.314159 4.000000 4.000000 2
0.314159 4.000000 4.000000 1
0.471239 4.000000 4.000000 0
0.314159 4.000000 4.000000 0
0.471239 4.000000 4.000000 0
0.157080 4.000000 4.000000 0
0.000000 8.000000 6.000000 0
