0.000000 6.000000 6.000000
0.000000 6.000000 6.000000
0.000000 6.000000 6.000000
0.000000 6.000000 6.000000
-0.157080 6.000000 6.000000
-0.314159 7.000000 7.000000
-0.314159 7.000000 7.000000
-0.314159 7.000000 7.000000
-0.314159 7.000000 7.000000
-0.157080 7.000000 7.000000
-0.157080 7.000000 7.000000
-0.157080 7.000000 7.000000
-0.157080 7.000000 7.000000
-0.157080 7.000000 7.000000
-0.157080 7.000000 7.000000
-0.157080 7.000000 7.000000
-0.314159 7.000000 7.000000
-0.314159 7.000000 7.000000
-0.471239 7.000000 7.000000
-0.471239 7.000000 7.000000
-0.314159 6.500000 7.000000
0.000000 4.000000 4.500000
0.000000 3.000000 3.500000
0.000000 3.000000 3.500000
-0.157080 4.500000 6.000000
-0.314159 6.000000 6.000000
0.157080 6.000000 6.000000
0.314159 6.000000 6.000000
0.157080 6.000000 6.000000
0.314159 6.000000 6.000000
-0.157080 6.000000 6.000000
-0.314159 8.000000 6.000000
-0.314159 8.000000 6.000000
-0.314159 8.000000 6.000000
-0.314159 8.000000 6.000000
-0.314159 6.000000 6.000000
0.157080 6.000000 8.000000
0.314159 6.000000 8.000000
0.314159 6.000000 8.000000
0.314159 6.000000 8.000000
0.314159 6.000000 8.000000
0.314159 6.000000 8.000000
0.314159 6.000000 8.000000
0.314159 6.000000 8.000000
0.314159 6.000000 8.000000
0.314159 6.000000 8.000000
0.314159 6.000000 8.000000
0.314159 6.000000 8.000000
0.314159 6.000000 8.000000
0.314159 6.000000 8.000000
0.000000 6.000000 6.000000
-0.157080 6.000000 6.000000
-0.157080 6.000000 6.000000
-0.157080 6.000000 6.000000
0.157080 6.000000 7.000000
0.157080 6.000000 8.000000
0.314159 6.000000 8.000000
0.471239 6.000000 8.000000
0.471239 6.000000 8.000000
0.314159 6.000000 8.000000
0.000000 5.000000 7.000000
0.000000 4.500000 4.500000
0.000000 4.500000 4.500000
0.000000 6.000000 5.000000
