0.000000 6.000000 6.000000
0.000000 6.000000 6.000000
0.000000 6.000000 6.000000
0.000000 6.000000 6.000000
-0.157080 6.000000 6.000000
-0.314159 6.000000 6.000000
-0.314159 6.000000 6.000000
-0.314159 6.000000 6.000000
-0.314159 6.000000 6.000000
-0.157080 6.000000 6.000000
-0.157080 6.000000 6.000000
-0.157080 6.000000 6.000000
-0.157080 6.000000 6.000000
-0.157080 6.000000 6.000000
-0.157080 6.000000 6.000000
-0.157080 6.000000 6.000000
-0.314159 6.000000 6.000000
-0.314159 6.000000 6.000000
-0.471239 6.000000 6.000000
-0.471239 6.000000 6.000000
-0.314159 6.000000 6.000000
0.000000 6.000000 6.000000
0.000000 6.000000 6.000000
0.000000 6.000000 6.000000
-0.157080 6.000000 6.000000
-0.314159 6.000000 6.000000
0.157080 6.000000 6.000000
0.314159 6.000000 6.000000
0.157080 6.000000 6.000000
0.314159 6.000000 6.000000
-0.157080 6.000000 6.000000
-0.314159 6.000000 6.000000
-0.314159 6.000000 6.000000
-0.314159 6.000000 6.000000
-0.314159 6.000000 6.000000
-0.314159 6.000000 6.000000
0.157080 6.000000 6.000000
0.314159 6.000000 6.000000
0.314159 6.000000 6.000000
0.314159 6.000000 6.000000
0.314159 6.000000 6.000000
0.314159 6.000000 6.000000
0.314159 6.000000 6.000000
0.314159 6.000000 6.000000
0.314159 6.000000 6.000000
0.314159 6.000000 6.000000
0.314159 6.000000 6.000000
0.314159 6.000000 6.000000
0.314159 6.000000 6.000000
0.314159 6.000000 6.000000
0.000000 6.000000 6.000000
-0.157080 6.000000 6.000000
-0.157080 6.000000 6.000000
-0.157080 6.000000 6.000000
0.157080 6.000000 6.000000
0.157080 6.000000 6.000000
0.314159 6.000000 6.000000
0.471239 6.000000 6.000000
0.471239 6.000000 6.000000
0.314159 6.000000 6.000000
0.000000 6.000000 6.000000
0.000000 6.000000 6.000000
0.000000 6.000000 6.000000
0.000000 6.000000 6.000000
