0.000000 6.000000 6.000000
0.000000 6.000000 6.000000
0.000000 2.000000 2.000000
0.000000 2.000000 2.000000
0.000000 6.000000 6.000000
-0.314159 6.000000 6.000000
-0.157080 6.000000 6.000000
0.314159 6.000000 6.000000
0.471239 6.000000 6.000000
0.471239 6.000000 6.000000
0.471239 6.000000 6.000000
0.314159 6.000000 6.000000
0.000000 2.000000 2.000000
0.000000 2.000000 2.000000
0.000000 2.000000 2.000000
0.000000 2.000000 2.000000
0.000000 6.000000 6.000000
-0.314159 6.000000 6.000000
-0.471239 6.000000 6.000000
-0.471239 6.000000 6.000000
-0.471239 6.000000 6.000000
-0.471239 6.000000 6.000000
-0.471239 6.000000 6.000000
0.000000 3.000000 3.000000
-0.314159 3.000000 3.000000
-0.157080 3.000000 3.000000
-0.314159 3.000000 3.000000
0.157080 3.000000 3.000000
0.314159 3.000000 3.000000
-0.157080 3.000000 3.000000
-0.157080 3.000000 3.000000
-0.157080 3.000000 3.000000
-0.314159 3.000000 3.000000
-0.157080 3.000000 3.000000
-0.314159 3.000000 3.000000
-0.157080 3.000000 3.000000
-0.157080 3.000000 3.000000
-0.157080 3.000000 3.000000
0.000000 3.000000 19.000000
0.314159 -13.000000 19.000000
0.471239 -13.000000 19.000000
0.000000 3.000000 19.000000
-0.157080 3.000000 3.000000
0.000000 3.000000 3.000000
-0.157080 5.000000 5.000000
-0.314159 6.000000 6.000000
-0.314159 7.000000 7.000000
-0.314159 8.000000 8.000000
-0.314159 9.000000 9.000000
-0.314159 10.000000 10.000000
-0.157080 11.000000 11.000000
0.000000 8.000000 8.000000
0.000000 5.000000 5.000000
0.000000 1.000000 1.000000
0.000000 1.000000 1.000000
0.000000 1.000000 1.000000
0.000000 1.000000 1.000000
0.000000 5.000000 5.000000
0.000000 5.000000 5.000000
0.157080 5.000000 5.000000
0.471239 5.000000 5.000000
0.471239 5.000000 5.000000
0.471239 5.000000 5.000000
0.471239 5.000000 5.000000
0.471239 5.000000 5.000000
0.471239 5.000000 5.000000
0.314159 5.000000 5.000000
0.000000 1.000000 1.000000
0.000000 1.000000 1.000000
0.000000 1.000000 1.000000
0.000000 4.000000 4.000000
-0.314159 4.000000 4.000000
-0.471239 4.000000 4.000000
-0.471239 4.000000 4.000000
-0.471239 4.000000 4.000000
-0.471239 4.000000 4.000000
-0.471239 4.000000 4.000000
-0.471239 4.000000 4.000000
-0.471239 4.000000 4.000000
-0.471239 4.000000 4.000000
-0.471239 4.000000 4.000000
-0.314159 4.000000 4.000000
0.157080 3.000000 3.000000
0.157080 3.000000 3.000000
-0.314159 3.000000 3.000000
-0.314159 3.000000 3.000000
-0.314159 3.000000 3.000000
0.157080 3.000000 3.000000
0.157080 3.000000 3.000000
0.000000 2.000000 4.000000
